%YAML:1.0
---
M1: !!opencv-matrix
   rows: 3
   cols: 3
   dt: d
   data: [ 1.2861891855073682e+03, 0., 6.2639708475952534e+02, 0.,
       1.2880763058765579e+03, 5.2645442428577633e+02, 0., 0., 1. ]
D1: !!opencv-matrix
   rows: 1
   cols: 14
   dt: d
   data: [ -2.3303219541176082e-01, 3.8486087232628147e-01, 0., 0., 0.,
       0., 0., 5.8096036256525418e-01, 0., 0., 0., 0., 0., 0. ]
M2: !!opencv-matrix
   rows: 3
   cols: 3
   dt: d
   data: [ 1.2861891855073682e+03, 0., 6.4479122067816502e+02, 0.,
       1.2880763058765579e+03, 5.2515768859562434e+02, 0., 0., 1. ]
D2: !!opencv-matrix
   rows: 1
   cols: 14
   dt: d
   data: [ -2.5715312935037404e-01, 5.5998661372059344e-01, 0., 0., 0.,
       0., 0., 9.3508912416634704e-01, 0., 0., 0., 0., 0., 0. ]
R: !!opencv-matrix
   rows: 3
   cols: 3
   dt: d
   data: [ 9.9980290906571634e-01, 1.8687041838187417e-02,
       6.7035431727343253e-03, -1.8525708267039358e-02,
       9.9955518428969703e-01, -2.3371600133376549e-02,
       -7.1373074009341555e-03, 2.3242805917696990e-02,
       9.9970437171002557e-01 ]
T: !!opencv-matrix
   rows: 3
   cols: 1
   dt: d
   data: [ -2.1792332373402147e+02, 1.0594106192329136e+00,
       1.2577691938324027e+00 ]
R1: !!opencv-matrix
   rows: 3
   cols: 3
   dt: d
   data: [ 9.9990569433328269e-01, 1.3693274278293940e-02,
       1.0472246250263378e-03, -1.3680116240261123e-02,
       9.9983819290365139e-01, -1.1680857451996172e-02,
       -1.2070043615463647e-03, 1.1665429726346309e-02,
       9.9993122808009693e-01 ]
R2: !!opencv-matrix
   rows: 3
   cols: 3
   dt: d
   data: [ 9.9997152889061669e-01, -4.8612532081854804e-03,
       -5.7714491601714548e-03, 4.9282949966131893e-03,
       9.9991988333979620e-01, 1.1659280001564480e-02,
       5.7143080586274774e-03, -1.1687391452947501e-02,
       9.9991537220128612e-01 ]
P1: !!opencv-matrix
   rows: 3
   cols: 4
   dt: d
   data: [ 1.1202149447522281e+03, 0., 6.3875479125976562e+02, 0., 0.,
       1.1202149447522281e+03, 5.2763937377929688e+02, 0., 0., 0., 1.,
       0. ]
P2: !!opencv-matrix
   rows: 3
   cols: 4
   dt: d
   data: [ 1.1202149447522281e+03, 0., 6.3875479125976562e+02,
       -2.4412791464949027e+04, 0., 1.1202149447522281e+03,
       5.2763937377929688e+02, 0., 0., 0., 1., 0. ]
Q: !!opencv-matrix
   rows: 4
   cols: 4
   dt: d
   data: [ 1., 0., 0., -6.3875479125976562e+02, 0., 1., 0.,
       -5.2763937377929688e+02, 0., 0., 0., 1.1202149447522281e+03, 0.,
       0., 4.5886393055894120e-02, 0. ]
