%YAML:1.0
---

x_off         : 0.05
y_off         : 0.10258
z_off         : 0.0405
pitch_off     : -0.000
yaw_off       : 0.005
chx_off       : 0
chy_off       : 0
chz_off       : 0

fix_on        : 1
